m
2 99 67.7862026137479
2 36 73.85909500750272
2 31 32.86210163687462
1 17 74 55 90.9237418269621
1 69 6 85 55.19743888774592
0 4 51.948570964346644
0 47 45.80850362163184
1 100 27 65 10.475278412325896
2 14 96.32601881365119
1 60 13 96 17.58155095160895
1 10 26 62 80.47472274940584
2 3 81.74397393179402
2 31 7.320798263913863
1 92 75 79 71.66250074090063
1 44 72 10 4.185273919348442
0 38 15.943596274052418
2 56 19.81655869663237
1 12 68 44 46.6216173011867
0 36 42.513619701731784
1 63 88 45 6.826887030454209
2 33 21.29189087255572
1 11 64 34 31.016452481221712
0 92 32.878901999188
0 99 10.761081774651194
2 37 5.629216014717587
