m
1 41 16 96 64.0704776238663
1 85 78 60 69.00415200180086
1 55 62 50 52.32124461509354
0 17 52.07217218915113
0 89 92.28338463197655
2 69 7.671448360170463
0 96 90.47628622832136
0 78 60.72362754006194
0 44 84.9031473558304
1 80 83 57 91.17730524763562
2 58 37.01927729928879
2 57 79.3299445586149
1 71 90 21 40.223898121651644
1 20 50 91 13.255167929343814
2 56 80.67900257423139
1 77 13 93 48.967666325358714
0 50 32.66253678122407
0 97 54.29085759482647
1 20 13 9 28.081803352723345
2 94 16.117777394607568
