m 20
2 38 12.880839680875876
1 1 60 39 32.67863513515814
1 81 19 3 74.59523805294442
0 66 96.26044398794733
1 38 90 40 38.312054020891125
2 44 47.44936084773265
1 38 76 24 59.6060530805274
0 8 53.567119499858194
1 15 33 76 18.886131856547316
0 6 70.60558286387705
1 50 83 91 64.61881371716514
0 44 56.76530492120047
0 73 30.470738535615773
0 7 97.31068139149798
0 72 90.95777756726395
1 37 63 48 62.75486272856692
2 99 83.36005914160368
1 78 46 64 76.79976532717333
0 49 67.7770474329964
1 6 26 6 32.230453491937325
